43548
54669
20639
55941
31740
27729
10830
17136
27585
29421
5154
63894
46270
53757
4633
2591
43185
39583
26415
11781
57318
59830
23095
57498
49911
26030
912
16921
45284
53474
58322
59854
9758
63413
34273
3834
36155
35050
45790
8065
21853
52460
13413
53614
44617
24052
60364
31453
54256
58245
15273
26989
11278
55196
44633
39124
64921
47050
10353
30276
11422
61499
17324
58858
60052
50847
3513
63318
36106
36756
61727
14165
59228
20088
5340
22444
23004
19946
50290
39431
56855
21201
11552
37094
22150
21736
55608
2580
19599
31418
12092
24652
42074
52178
60101
46981
1788
16147
4251
24305
21221
40171
32999
30604
5396
372
45413
11333
17601
35346
43318
933
27684
4339
26526
49279
23883
30438
63939
45602
9753
22071
43236
27312
23746
34581
36211
26150
6863
23688
7052
62590
10670
12176
50505
36622
28160
45527
59192
58309
34741
41419
56690
12741
47531
9190
21541
55456
25900
2125
53212
8350
63960
13572
42938
38055
63997
58410
37264
47245
17404
16153
46124
20048
60359
31540
29503
46315
41331
8162
49207
37326
35909
44789
20636
60704
6612
62882
17209
5846
4195
50383
17791
6626
5893
26538
28991
41247
20368
40897
53989
4563
53858
12919
47556
14234
13353
44206
47444
18367
26460
13134
11056
48284
34593
19011
20780
46778
32084
64397
9318
14220
10800
50606
54513
53987
14253
2081
56550
61123
9522
7650
58517
34703
16458
5594
4938
50866
9347
40720
33871
50707
19957
44929
41263
14727
10111
4234
64648
43653
32101
65260
51921
41171
10101
40780
19429
50711
12522
7815
57315
30967
28843
59333
20356
45302
61409
42227
10863
48211
16463
33201
24795
40896
60549
59581
14274
29314
64367
14615
60396
23297
27590
34393
16058
5666
64588
44989
27562
41298
18462
1746
50676
33249
33961
31392
19907
44798
11697
8670
45993
43999
56558
61254
31285
24654
64280
64086
41032
38051
2357
48382
40538
9697
59308
57392
39949
29974
50851
7770
58962
52394
44332
38782
38696
25956
46239
59257
33530
60799
63516
57364
17210
27810
42690
62961
13775
45659
53047
64992
37943
10142
7590
36717
8058
33197
30659
19972
64999
64312
52696
3155
14558
2650
39345
35139
10925
5415
60826
50171
12753
7510
3030
12383
12094
21522
47946
36947
60417
48120
48548
50020
11878
36429
20354
26366
27536
50272
43303
53520
63267
38076
22352
30271
57958
44963
38211
40904
26266
48535
50209
60484
28253
59271
46432
11720
16049
47376
55353
4000
15793
21516
57618
35472
45403
61485
14282
38922
4186
58127
13147
6058
6115
46148
53265
18098
30789
63150
24226
4943
11445
5091
30472
38331
52612
55647
59264
60301
42364
16430
8079
63149
34553
37052
50657
15593
14993
3045
24349
32760
35587
43653
41285
2995
25
13217
52063
6601
5954
59759
63996
47982
29761
52488
26449
13022
4463
2453
5818
33808
52605
28912
61625
50696
61142
11970
31449
43264
58052
29379
24596
403
58121
61678
65321
33291
32530
48536
22099
12740
45499
25989
25633
31420
4292
48584
34047
43031
21228
63083
22990
35019
27797
5130
22179
14595
37842
20954
34528
16032
52027
44354
16023
37465
552
16495
3488
35587
16386
16543
8310
7311
47822
47388
27324
27524
42456
9142
12534
20877
10205
7382
20272
21314
26539
55975
35546
29644
21928
7709
17336
52227
38928
51338
29754
22734
18754
31439
31127
58317
33673
60068
63836
35419
44673
22739
10643
19834
18411
38703
5073
23031
18082
51350
18304
46835
700
52903
3487
41594
48119
43621
7606
48129
55164
52465
12695
56271
57933
62997
39233
2287
26178
11725
9020
54573
63218
11930
44218
46186
18963
9829
27073
57963
9856
40291
13576
37961
56802
3046
54021
35109
31203
52144
14462
21829
54818
40321
21672
49889
20282
37422
11803
27064
13386
20026
64140
47474
44666
404
14292
30697
47314
6488
17247
31540
7437
22790
57394
52368
16225
17015
1291
34034
3783
14720
63677
31358
24660
49269
37920
10120
46558
18315
43998
15532
18892
63684
29337
49037
48859
30459
45636
58380
479
57056
15245
28064
30874
20097
57605
5859
10924
33262
55988
32296
983
35647
62177
27536
61540
37055
24518
63380
26848
44741
33914
29946
137
25285
59170
54892
56682
11266
47219
11027
18678
41640
8782
22229
6045
6700
56733
13858
50293
52633
1059
19266
18129
36513
48852
1991
51689
22664
62925
59508
11680
318
63767
22767
10851
29398
49908
40731
58425
26805
53757
38947
59806
3128
7326
37795
64795
3804
36263
4066
33713
63948
11186
1279
8612
30468
12473
4361
33290
54450
11571
31627
48929
4804
61446
14693
39143
29331
31617
59732
2109
60380
19702
751
42480
42733
47439
64852
25104
56321
729
9311
44968
21018
3090
52088
20250
26065
30368
61448
29897
41306
29972
37760
3572
50228
20414
51766
12760
51545
24954
57617
27774
20446
15900
1139
617
29444
31457
30591
50139
60620
46699
59245
43768
34974
39773
31789
44162
52198
39751
31091
42829
3931
35081
6799
48418
28441
24283
39855
4277
16397
50795
27934
37438
34977
9751
27808
20140
8088
22108
52954
28587
76
56215
31343
35752
28214
52022
55580
2138
9195
60876
13353
38698
58063
23169
14812
23574
51792
43280
13569
13643
19931
63317
16044
9761
64111
48047
30991
56145
28066
42795
26891
2786
31380
30476
18240
32808
62414
24033
41166
36346
34241
52846
41067
30382
31379
44826
41413
56710
51114
59687
20402
16180
60923
35909
4580
43613
43477
23303
19637
56494
15361
6134
17790
39043
61147
47978
64560
33123
62616
20574
5997
20028
37596
24645
14
22056
57542
62460
25398
52063
60045
30711
46099
46700
32366
36082
40822
32220
1157
39384
10387
31391
48246
124
53042
31645
25247
10944
26859
53702
18773
22911
32981
25895
15269
40953
8108
47669
17483
50738
55799
47019
38808
49249
13997
24787
10181
59988
48940
49261
49979
32938
58729
36179
20905
47212
65420
63157
51655
64768
48243
51527
42134
65032
2981
15516
56802
24449
41176
7943
23375
45062
10239
27264
56641
14410
22198
9403
19935
52543
15229
37867
25757
59663
11881
34579
38442
24382
21036
43051
15300
19326
41999
28279
47099
47558
44368
27642
15377
42712
17741
59570
11976
39767
49610
19688
13693
24209
64898
63601
35247
14847
54816
14950
49435
32988
64741
2831
3188
39185
2492
33706
25013
33125
52030
23681
8824
48551
28466
46285
52687
